$ANSIBLE_VAULT;1.1;AES256
39666232623231623938376665653332656261343737386337386131363031363863623063313462
6163333266383762363061326665663565666262366632370a336435643438633266613937393630
35363865636366613630343133653163383530613861376363613666363331313662633637623763
3137316438393161640a383665363839623661613962396165633665636630303432333731623466
30326131303333366237393334613939626638656536313437653438396261633131353939373139
32656666643862666638643862643731336633626664353239623462376237653736323137646439
30623631626439373831376437333965333137393965353463333830343962303337623338653363
63303537373661393765333965376665316165316466353239626437616633303133306362653761
35383231633562616433396262396533313936653937636266353162306362623337366235346134
30333734396431343937613833616130363039663033373534333037383836353532303836373663
32356135323831303363396536356266613461336334353433643533633036396566343438323030
62313662646434623332643331663430623466646338623031623535663335383334613033393238
63623865616561636561633363643032313433336163326437303661396634326337306234643336
34323836316566656436366537316561336330616331633732643037643735663865613964386235
66363230613361313464343837386532313734623665363836323834336334306330313464633730
38626264373261333161613831376333613532663762326366643438636163653033613435653530
37656332633366636139303839333666313534333733646532626231386263656566643966613630
38326434373832656133366437373032623864613234626135326365643232343036643365373064
61363162363133323862623364356465303334653664653461303763396266616631353831653031
34313763323432306439343966346665653732326436303135326530333161326539333562383963
63623263306363636164623762393930353333343631643036323832376530646332633435373030
65343339303134356563326231633537316437303130303365303630383333346332323639353964
33663165316131613462363332333434353334666662383834313634373766343031613561336362
39373635643733616334333734343930653933343438656433613761663534323765363739343534
65306436666565333063346461383736353335613162643264643233666164373965336536303839
34346661393034383839376361363330653239646636646534343865346462303030633638633030
39333138653962626431343662656133373632616533316331396534353936396530343238316163
31666462643037633538
