$ANSIBLE_VAULT;1.1;AES256
38636433393061316131363638653062323865663839353639623135373338313065326139303064
3035333232346531653134383438653262623139316235610a386632663463343238316133376562
39356334356631653736363864346633376230303432313536376130616334353539323231633334
3135343237316466610a326635653361643337663734613866326165633061393433356562643437
38643031626138353337633836386439393439353962333635306564333535633934366266353533
37613363353964316332613038316464376335396436613464376161343864396437663538626563
39373031356535396335316633383235333130353636373733326364326264333534633966303636
34383461636461613236313731653637613931633932383635333464626238353966353033373830
33363231663637383262623430363130306336393536613161356465326535336633363337326465
63626337316662353331626665616362643532653338656536346236643338386231653533356338
66353134396638323134383265353462393431363738636430383931626363373763376131313333
33303235623232313534363138656539363862613232373839623833373263333433383638363139
34636635643037373839313935306261373534626536643536346433306462636433613833363032
61303935386630323435373238613533366130633735303039613435333237343932653133353165
64306438353737643063366366373438386339353631663838386432316238633433633633356237
35343630333562633933363631383632326166316138363663616133376137646438663237323366
64626662643865363030653330623662666162646636383565353732326564393433393431353536
30616235666131653064333465663931333938366466353933653433373030386439343332363932
39653632343136316636323137363535633139653164613136626432366462393563366564373538
30613735373735646462333638633737356162383762356665313463393939323964346665383138
35356362346638373537393038633039303262623335613463346136306261646434366332653064
64366434323835363534303764663135346638646663396563326631623837383338663265613862
36366336383832313966393462376163653635366331363439336364633565663064633764613737
39333961313534346533333431303237666633326131656565633063333139656139616238316237
61643335316162393963636331393038353362643931303561313962383535303539353765633330
32363530376466333737343535353931636534363165343066643566663230323639313033663630
64303264643763356631313766633131356433336633356566393534633633616565653137306131
65333535393234636165
