$ANSIBLE_VAULT;1.1;AES256
37623234333466623138393935363738383937323564336636313236313962306637373437656264
3638613061613661303330363730616533386665386264310a356463353562366230303265636138
32633162386562663738316231616265356533363064663461623531613930306630366337623966
6631643337356666350a653735303664653639343763303633636566623664373437323730356665
66346637333261393064326237306562636661383637386138646135623338636566343965663232
36636163323561613039623666316131613839356561373439653365383432366564643631656366
37633239663034373236643663666361376335333634383835353533643562656134333364616130
31376362666562653366393232623262386466303530623234386431386437656462366432633161
35303433643336656630666430383135633565343738363130343338313865313466626532656166
39616666316331343965353232653161303237623733393439653837636138316662303933646662
34343530393032386637393936383538356361646434326332356438363666306134333435643536
32623030623566393036613834366265393436393435386363346530653735323438323764643161
66636666363262626130356234316131636265646364333032656463366466313935313539613066
63383461633963386136623763623532393533353362666365333763666433353835316339666663
37383037396438323566393435316238393439366138636338303238333938363565376437626432
34353435363962356361393065346634623639633262653664646334393138326134313362343234
65663133656630656465616337376462366138333361336537366133633435393333376533666362
31306431653261363130363130313238633539353033653866343565356462653733363333396561
38383231373631343336333837663030306661306536343666306263363164333233306237316666
38633563623964396136303430373138616631646266363563303934643339333134343132366638
65653366626562343034623637343830336362626539343766633534326664613436373365636266
65333361326564306237316336303433326361396630643135363239653538393634333938353461
37383133383139376563613031313131613266623537373766383230326634323333373238363135
32386564636538626161333439326530313364626236323061356165636335326139366166643039
3335
