$ANSIBLE_VAULT;1.1;AES256
32333238326462366238323133623336323239613635323465326137663264633462646635333535
3061626439333266303436666166353633633533323564340a643435636165613766666437356465
63653863656565633761386633393663373466343135316335663366346438353462323162363337
6237393532303037340a343561313135646666666339613932373838616237656338383961613461
34356264363438383236636263616538616533363939656137396262376262326231333566636239
32326462613865663637626161343339623935656663313339306264653739363230363366346139
34393834326238396535613566656333333064646536306363666266643536303237623430303061
38336163346662396439633338356464326464313038363330393161633061323734336264353563
33616637616465373536663638656534333332633134623234313638656164636665653761323930
63326439643339396366663061373139353636643034626336643034653564303263623433386439
64643833363764303561663765303033306233333065313138666166363839393166623233663030
38396265376332396439383563666132623765663932346132333736333035653035653637393938
64386363373433383865393433626164633465376161613839313235336137643336386534376338
61386564313038636435353166653438383163376135323538653430633563636538333961613631
35353266343935633335653365663334366264313961646263663834363139346434396661623930
64653034396230313733396263346461623662383532643238326565643862376133643639343337
63373864656162666162313639363632316236623935303365306335643838636335313336383730
33353264393165303162656461356334376134366630626136356266393661613765646561323962
62363038356537653965623863323966663366666334313866666264366530323732313835623038
30666465346163336532343335366235663935663063656262303633306665396432376639343664
63636238323765316564623334616438633934393363366364653632646631346361613731366666
33663064343663313361613734363433313032363830313534323339346663376532336537633536
63373535303934393764363635383036343561326634663631386535343238666362396265306362
30653630633466613662613162613662373266346166366366656263663266613536663230373662
64663536386637323336363838316433653361326634306532366262376332383063643864373565
31313563363938393039396261656537333661333831376133623463313437353532643061346565
66326530616132303231353433613039636638316335353732653462393139306262316634623566
36626239633265383839
