$ANSIBLE_VAULT;1.1;AES256
61336639376662653732643035333436303433363130333833363831626532343665626463373234
3831396139646362383332323033313665393761316265630a343838336631616261313833356330
36366230313331316232613238383732343937306335373536343738656430643165313562313262
6465656135363763320a373430616639333438303535373333393064353731366366333435333865
32386230316530653334356232353634386336353663373837303134346434393065633730613661
37363466633735383231633539356335386530663763336565376161616263326236666163376330
30306134623531633934316635363635623535613065616639653532636566393562333762306365
37336131613566316462353336353563323461393338323338396131363036313561613238616331
39353463613533353634363039343737333666323061623731303666393037336536356566616461
39616161376332333135643665353936643639306135626366326466616363343632336631386136
66316131373861333461613238623266353730626136363366393763666436663434623931353137
37656564636462363538376165636662306461353164313863353539383265393830333634636666
64383462323563363933383439386462663135383836386231393763376665653366383264646332
66383832343538353561643230636261396161643730353761323763383866376663626236393161
35616164613837393534343263376461323666653335646137626534393938636532346636616437
39626632346439353765303431376538396664386537323163356235396237613631323864623636
31656266646535313436643831386534646165376338656266656661333138633964363966373663
35616565326666613037663337316431393732366539316333623235613938366465306439633462
61306539323861313633306134366338346262613138363966373362336638386565386430306461
31666566306365343062623932343936303639353065653761353563336262323635343534656138
64663063646432363934393664336137653333643166313465393265333034653337393232313436
33333332333734663465396232356566376131616135393938663263313036613137613662343738
39373430343330373330336662643931366462666164316139336563353638343066343035633132
33366561346665376132396536336230386331373334303363396463623735343634343630333434
30303764613930383031373936363463333264306230663564616666343538643235656430666333
62313238646564323534373633623738333638356332353738356363326633613334626261633634
65326237386633636135313737366562653465663966616237376539306461333435376166616361
39393838383134333935
