$ANSIBLE_VAULT;1.1;AES256
33346162383237323264633036636439653663623664303138663631326366353035373936653430
6234386536303833323161633762616365326664643765370a313730663938316564363430656439
62333265666561376466643565363038383738376233303730316335393663343238373963616266
3664393938326365360a343131326631646132393663306137343465663565343763643266336535
63623530323534636439623535323734623730353964336463643835643062353863396163386666
33663766666263333535633136373062313033313732623136313832356461616262653063663732
38633136656635346537323963663163386464613761363262663034623261643165623032393764
63623331313132333036383630393339653838366430313761613939393939653262383534663763
63333434306433626563613838396531386663653763633332333539303762656233636139353965
63323361653732323634383037393534666166313331393862653066353064306163663730393734
37373538626538636263636162316164333938306436653363623831613462333539363934373239
34636164386462666636613639366665663339626636373164323339633639396233623638646335
30316432336664306361653565626231363539366333633462343361643963613164623964353034
37353363326336646533663265386339626137396664326461346664323637663030616331353062
33613564383539616166333230613561396537373036643138326632623632396537643361613861
35363230646663616162616562646330326638633437613231623862616162613362326237333439
65393739326237316332343037656430643533333165366464373666366333386433333634306461
37613064376531383439613531336336316565386238336661313238326433393838643265376139
30626639643134646532366437313163613661616265663935383132326433353639306332383431
38613564316336393633333435306561366230393530366361613963616538613561666633333434
35653961376362353834356235666363613733333263663964346538303062303433373537326538
38373939373433633832653138623564353436636336613437643663393233393138336239663033
30666639363038623639393061336236376131636634663933376637613938386562396166646362
38653233363561363332333637663730303934623933353738336533626538626138623236616462
66363733633533653262336332623962636339383839316538613361366634336463363665653365
64646630653236613065316135656561373436376331396133623033623830613363396631313864
31623936663633616239626633626164336264396638303265613064356530663733623233656264
39646433376261373136
